15 23
15 21
15 20
15 21
15 22
15 22
15 21
15 21
15 20
15 22
Average:
15.0 21.3
25 38
25 34
25 36
25 35
25 37
25 35
25 36
25 37
25 36
25 36
Average:
25.0 36.0
34 49
35 50
35 48
34 48
35 48
35 49
35 50
35 50
35 47
35 48
Average:
34.8 48.7
44 61
44 61
43 64
44 60
44 63
44 61
44 63
44 62
44 61
44 62
Average:
43.9 61.8
53 73
53 73
53 71
53 74
53 72
53 74
52 74
53 74
53 72
53 72
Average:
52.9 72.9
61 84
61 82
61 83
61 85
62 86
61 83
61 84
62 83
62 85
62 84
Average:
61.4 83.9
----------
n=100, sat=0.15..0.75
6 10
6 9
6 10
6 10
6 9
6 10
6 10
6 9
6 9
6 9
Average:
6.0 9.5
10 15
10 15
10 14
10 15
10 14
10 15
10 15
10 14
10 14
10 14
Average:
10.0 14.5
14 20
14 18
14 19
14 19
13 18
14 20
14 20
14 20
13 19
14 20
Average:
13.8 19.3
18 26
18 25
18 26
18 27
18 25
18 25
18 26
18 25
19 25
18 25
Average:
18.1 25.5
24 33
24 33
25 34
24 33
25 32
25 34
25 32
24 36
24 32
25 32
Average:
24.5 33.1
-------------------
m=4000, n=100..500

28 38
28 39
28 37
28 39
29 38
28 38
28 38
28 38
28 38
28 37
Average:
28.1 38.0
12 16
12 17
12 18
12 17
12 17
12 18
12 16
12 16
12 18
12 18
Average:
12.0 17.1
9 13
9 13
9 14
9 12
9 14
9 13
9 13
9 13
9 13
9 13
Average:
9.0 13.1
7 11
7 11
7 11
7 11
7 10
7 11
7 11
7 12
7 11
7 10
Average:
7.0 10.9
6 10
6 10
6 10
6 10
6 10
6 10
6 10
6 9
6 10
6 10
Average:
6.0 9.9
